30.06133 -1.947286,30.05926 -1.950374,30.06174 -1.952959,30.06522 -1.952413,30.06133 -1.947286
30.10984 -1.9482,30.10688 -1.950656,30.10687 -1.95066,30.11172 -1.957601,30.11601 -1.959142,30.11898 -1.956359,30.10984 -1.9482
30.07880 -1.960729,30.07486 -1.954364,30.06923 -1.956409,30.06591 -1.96497,30.06726 -1.967534,30.07191 -1.969905,30.07299 -1.969745,30.07880 -1.960729
30.08316 -1.988781,30.06916 -1.985026,30.05944 -1.988887,30.04796 -2.008939,30.09388 -2.075862,30.11109 -2.071563,30.08316 -1.988781
30.08646 -1.932888,30.08107 -1.927414,30.07609 -1.930082,30.07565 -1.945025,30.07696 -1.945975,30.08668 -1.94137,30.08742 -1.939815,30.08646 -1.932888
30.05745 -1.932854,30.05054 -1.931279,30.04718 -1.939186,30.04773 -1.941119,30.05105 -1.943734,30.05629 -1.939232,30.05745 -1.932854
29.9489 -2.679484,29.82156 -2.621652,29.80918 -2.620422,29.74976 -2.616876,29.73265 -2.621129,29.83924 -2.759665,30.24545 -2.920723,29.9489 -2.679484
28.69864 -1.934554,28.69603 -1.933564,28.76278 -2.135213,28.95386 -2.555344,28.97342 -2.503785,28.98192 -2.411267,28.91712 -2.245913,28.69864 -1.934554
29.24698 -1.434027,29.12302 -0.909805,28.64721 -0.909805,28.64721 -1.91104,28.69603 -1.933564,28.69864 -1.934554,28.97676 -1.972784,29.07263 -1.941438,29.23946 -1.687151,29.24259 -1.681022,29.24698 -1.434027
29.797 -1.968527,29.62993 -2.002869,29.63637 -2.027872,29.7559 -2.0835,29.83994 -2.064297,29.797 -1.968527
29.89052 -2.34716,29.88805 -2.336489,29.73933 -2.287791,29.62251 -2.349335,29.67784 -2.436708,29.80976 -2.414398,29.89052 -2.34716
30.22034 -1.555221,30.08650 -1.51698,30.03724 -1.532626,30.14533 -1.726195,30.22034 -1.555221
30.43787 -1.888083,30.41052 -1.876185,30.37101 -1.882486,30.37692 -1.975626,30.38998 -1.992083,30.46827 -1.924572,30.43787 -1.888083
29.49906 -1.94457,29.37348 -1.869295,29.24121 -1.89872,29.07263 -1.941438,28.97676 -1.972784,29.10003 -2.076768,29.21337 -2.153644,29.45867 -2.078469,29.49906 -1.94457
29.20586 -0.990694,29.40735 -1.383416,29.62243 -1.567272,29.63998 -1.494727,29.20586 -0.990694
29.62251 -2.349335,29.53997 -2.307235,29.5028 -2.425991,29.57559 -2.576459,29.67467 -2.464304,29.67784 -2.436708,29.62251 -2.349335
30.05104 -1.950732,30.02918 -1.957208,30.01942 -1.961264,30.0442 -1.964929,30.05647 -1.959193,30.05104 -1.950732
30.06396 -1.945355,30.06313 -1.94571,30.06136 -1.947213,30.06133 -1.947286,30.06522 -1.952413,30.06549 -1.952382,30.06599 -1.950612,30.06396 -1.945355
28.82869 -2.334922,28.86913 -2.482209,28.95255 -2.556108,28.82869 -2.334922
30.05256 -1.969863,30.0442 -1.964929,30.01942 -1.961264,29.97063 -1.968149,29.97135 -1.970913,29.992 -1.979987,30.05623 -1.976736,30.05256 -1.969863
30.08668 -1.94137,30.07696 -1.945975,30.07722 -1.948968,30.08039 -1.950959,30.08586 -1.951295,30.09010 -1.948249,30.08668 -1.94137
30.05926 -1.950374,30.05894 -1.950291,30.0541 -1.949455,30.05153 -1.950108,30.05104 -1.950732,30.05647 -1.959193,30.05805 -1.959761,30.06174 -1.952959,30.05926 -1.950374
30.05708 -1.940663,30.05629 -1.939232,30.05105 -1.943734,30.05153 -1.950108,30.0541 -1.949455,30.05701 -1.945733,30.05708 -1.940663
30.11496 -1.941647,30.1028 -1.933086,30.09792 -1.940324,30.10044 -1.947698,30.10688 -1.950656,30.10984 -1.9482,30.11496 -1.941647
30.15539 -1.941543,30.15878 -1.934054,30.12537 -1.937238,30.13284 -1.952341,30.13317 -1.952386,30.15539 -1.941543
30.09475 -1.962139,30.09164 -1.96155,30.09044 -1.962041,30.08738 -1.969832,30.09156 -1.978573,30.10226 -1.978127,30.10296 -1.976485,30.09475 -1.962139
30.11609 -1.970038,30.11051 -1.969938,30.10296 -1.976485,30.10226 -1.978127,30.12062 -2.021233,30.12309 -1.985401,30.11609 -1.970038
30.08039 -1.950959,30.07722 -1.948968,30.07486 -1.954364,30.07880 -1.960729,30.08675 -1.960334,30.08636 -1.959438,30.08039 -1.950959
29.16372 -0.909805,29.16212 -0.909805,29.20586 -0.990694,29.63998 -1.494727,29.64938 -1.50103,29.73455 -1.499616,29.16372 -0.909805
30.06551 -1.89578,30.0534 -1.901689,30.06269 -1.917678,30.08211 -1.919539,30.08673 -1.912141,30.06551 -1.89578
30.07789 -1.971773,30.07299 -1.969745,30.07191 -1.969905,30.06916 -1.985026,30.08316 -1.988781,30.08342 -1.988106,30.07789 -1.971773
30.20494 -1.928982,30.22189 -1.864737,30.15878 -1.934054,30.15539 -1.941543,30.152 -1.9691,30.15885 -1.974017,30.18647 -1.963609,30.20494 -1.928982
29.72818 -2.556052,29.70925 -2.588321,29.72182 -2.595463,29.80918 -2.620422,29.82156 -2.621652,29.72818 -2.556052
30.2942 -1.153289,30.00292 -1.017307,30.3143 -1.388301,30.38858 -1.33518,30.2942 -1.153289
30.44967 -2.081734,30.43608 -2.101591,30.54914 -2.340943,30.6224 -2.229554,30.61255 -2.191499,30.44967 -2.081734
29.26258 -1.699012,29.23946 -1.687151,29.07263 -1.941438,29.24121 -1.89872,29.26258 -1.699012
30.97732 -1.34917,30.95370 -1.361565,30.92439 -1.381589,30.68471 -1.590391,30.6171 -1.681309,30.60071 -1.830847,30.61155 -1.913324,30.69242 -2.001248,30.97732 -2.058138,30.97732 -1.34917
30.97732 -0.909805,29.91833 -0.909805,29.95459 -0.985601,30.00292 -1.017307,30.2942 -1.153289,30.97732 -1.27628,30.97732 -0.909805
29.24698 -1.434027,29.24259 -1.681022,29.25568 -1.684251,29.28043 -1.684862,29.32584 -1.67464,29.24698 -1.434027
29.32584 -1.67464,29.28043 -1.684862,29.26322 -1.697827,29.26258 -1.699012,29.24121 -1.89872,29.37348 -1.869295,29.38992 -1.789876,29.32584 -1.67464
28.95200 -2.603302,28.95328 -2.556886,28.95255 -2.556108,28.86913 -2.482209,28.67145 -2.956804,28.83623 -2.956804,28.95200 -2.603302
29.1628 -2.410189,28.91712 -2.245913,28.98192 -2.411267,29.14004 -2.499308,29.21287 -2.502272,29.1628 -2.410189
30.03968 -2.111667,29.94898 -2.147349,29.93309 -2.16405,30.10348 -2.268765,30.13671 -2.207136,30.03968 -2.111667
30.6171 -1.681309,30.50877 -1.719907,30.41052 -1.876185,30.43787 -1.888083,30.60071 -1.830847,30.6171 -1.681309
30.97732 -1.27628,30.2942 -1.153289,30.38858 -1.33518,30.95370 -1.361565,30.97732 -1.34917,30.97732 -1.27628
28.82869 -2.334922,28.76278 -2.135213,28.69603 -1.933564,28.64721 -1.91104,28.64721 -2.956804,28.67145 -2.956804,28.86913 -2.482209,28.82869 -2.334922
30.11731 -1.940913,30.11496 -1.941647,30.10984 -1.9482,30.11898 -1.956359,30.12419 -1.955192,30.11731 -1.940913
30.07609 -1.930082,30.06403 -1.930856,30.0672 -1.940787,30.07441 -1.944781,30.07565 -1.945025,30.07609 -1.930082
29.45867 -2.078469,29.21337 -2.153644,29.27544 -2.225893,29.35316 -2.291371,29.47907 -2.269956,29.45867 -2.078469
29.6363 -1.580885,29.62243 -1.567272,29.40735 -1.383416,29.48473 -1.659625,29.64505 -1.686658,29.66444 -1.614889,29.6363 -1.580885
29.72818 -2.556052,29.72442 -2.522503,29.67467 -2.464304,29.57559 -2.576459,29.56087 -2.626092,29.69281 -2.605943,29.70925 -2.588321,29.72818 -2.556052
30.06133 -1.947286,30.06136 -1.947213,30.05916 -1.946025,30.05894 -1.950291,30.05926 -1.950374,30.06133 -1.947286
29.20586 -0.990694,29.16212 -0.909805,29.12302 -0.909805,29.24698 -1.434027,29.32584 -1.67464,29.38992 -1.789876,29.48473 -1.659625,29.40735 -1.383416,29.20586 -0.990694
30.24565 -1.823254,30.24348 -1.822632,30.22189 -1.864737,30.20494 -1.928982,30.22926 -2.103101,30.23471 -2.106351,30.27700 -2.010169,30.24565 -1.823254
29.92725 -2.166442,29.88204 -2.143173,29.88025 -2.143516,29.73786 -2.21002,29.73933 -2.287791,29.88805 -2.336489,29.92725 -2.166442
30.60071 -1.830847,30.43787 -1.888083,30.46827 -1.924572,30.5057 -1.96568,30.61155 -1.913324,30.60071 -1.830847
29.81666 -2.521903,29.72442 -2.522503,29.72818 -2.556052,29.82156 -2.621652,29.9489 -2.679484,29.81666 -2.521903
30.92439 -1.381589,30.30791 -1.476586,30.26276 -1.537389,30.32597 -1.580005,30.68471 -1.590391,30.92439 -1.381589
30.04796 -2.008939,29.992 -1.979987,29.97135 -1.970913,29.94898 -2.147349,30.03968 -2.111667,30.09388 -2.075862,30.04796 -2.008939
29.90751 -1.58456,29.88502 -1.592264,29.81532 -1.785298,29.8659 -1.840381,29.99757 -1.775101,29.90751 -1.58456
29.80976 -2.414398,29.67784 -2.436708,29.67467 -2.464304,29.72442 -2.522503,29.81666 -2.521903,29.80976 -2.414398
30.38998 -1.992083,30.37692 -1.975626,30.27700 -2.010169,30.23471 -2.106351,30.23925 -2.11414,30.296 -2.156754,30.43608 -2.101591,30.44967 -2.081734,30.45246 -2.076129,30.38998 -1.992083
29.13398 -2.501496,28.97342 -2.503785,28.95386 -2.555344,28.95328 -2.556886,28.95200 -2.603302,29.13398 -2.501496
29.83994 -2.064297,29.7559 -2.0835,29.75118 -2.120559,29.88025 -2.143516,29.88204 -2.143173,29.83994 -2.064297
29.88025 -2.143516,29.75118 -2.120559,29.65466 -2.114612,29.65006 -2.151643,29.73786 -2.21002,29.88025 -2.143516
29.97135 -1.970913,29.97063 -1.968149,29.95968 -1.946218,29.86602 -1.865396,29.797 -1.968527,29.83994 -2.064297,29.88204 -2.143173,29.92725 -2.166442,29.93309 -2.16405,29.94898 -2.147349,29.97135 -1.970913
30.296 -2.156754,30.23925 -2.11414,30.13671 -2.207136,30.10348 -2.268765,30.23639 -2.64403,30.33044 -2.767362,30.296 -2.156754
28.98192 -2.411267,28.97342 -2.503785,29.13398 -2.501496,29.14004 -2.499308,28.98192 -2.411267
30.69242 -2.001248,30.61155 -1.913324,30.5057 -1.96568,30.45302 -2.07575,30.60885 -2.072993,30.69242 -2.001248
30.23639 -2.64403,29.89052 -2.34716,29.80976 -2.414398,29.81666 -2.521903,29.9489 -2.679484,30.24545 -2.920723,30.30597 -2.956804,30.38157 -2.956804,30.36906 -2.850039,30.33044 -2.767362,30.23639 -2.64403
30.13317 -1.952386,30.13284 -1.952341,30.12557 -1.955998,30.12580 -1.965199,30.13439 -1.969816,30.14058 -1.969104,30.13317 -1.952386
30.02491 -1.77109,29.99757 -1.775101,29.8659 -1.840381,29.86602 -1.865396,29.95968 -1.946218,29.98429 -1.934269,30.02706 -1.91122,30.03741 -1.901401,30.02491 -1.77109
30.11767 -1.898768,30.10667 -1.907468,30.10133 -1.927887,30.1028 -1.933086,30.11496 -1.941647,30.11731 -1.940913,30.12257 -1.936402,30.11767 -1.898768
30.14689 -1.970545,30.14058 -1.969104,30.13439 -1.969816,30.12309 -1.985401,30.12062 -2.021233,30.12144 -2.02653,30.14689 -1.970545
29.75754 -1.535068,29.75505 -1.51543,29.73455 -1.499616,29.64938 -1.50103,29.6363 -1.580885,29.66444 -1.614889,29.75754 -1.535068
30.97732 -2.167672,30.97732 -2.098945,30.6224 -2.229554,30.54914 -2.340943,30.52213 -2.485176,30.97732 -2.167672
29.94823 -1.09174,29.92777 -1.201182,29.94780 -1.552545,30.03724 -1.532626,30.08650 -1.51698,29.94823 -1.09174
29.73786 -2.21002,29.65006 -2.151643,29.53124 -2.294094,29.53997 -2.307235,29.62251 -2.349335,29.73933 -2.287791,29.73786 -2.21002
30.97732 -2.098945,30.97732 -2.058138,30.69242 -2.001248,30.60885 -2.072993,30.61255 -2.191499,30.6224 -2.229554,30.97732 -2.098945
30.50877 -1.719907,30.38057 -1.71963,30.26708 -1.822424,30.37101 -1.882486,30.41052 -1.876185,30.50877 -1.719907
30.00292 -1.017307,29.95459 -0.985601,29.95605 -1.009762,30.23168 -1.545126,30.26276 -1.537389,30.30791 -1.476586,30.3143 -1.388301,30.00292 -1.017307
29.71203 -2.62561,29.69281 -2.605943,29.56087 -2.626092,29.51627 -2.691551,29.75815 -2.727683,29.71203 -2.62561
29.67728 -1.749985,29.64505 -1.686658,29.48473 -1.659625,29.38992 -1.789876,29.37348 -1.869295,29.49906 -1.94457,29.53874 -1.942665,29.67728 -1.749985
29.94823 -1.09174,29.95605 -1.009762,29.95459 -0.985601,29.91833 -0.909805,29.16372 -0.909805,29.73455 -1.499616,29.75505 -1.51543,29.92777 -1.201182,29.94823 -1.09174
30.06313 -1.94571,30.05973 -1.944641,30.05875 -1.945623,30.05916 -1.946025,30.06136 -1.947213,30.06313 -1.94571
30.06923 -1.956409,30.06549 -1.952382,30.06522 -1.952413,30.06174 -1.952959,30.05805 -1.959761,30.05995 -1.962128,30.06591 -1.96497,30.06923 -1.956409
30.05934 -1.942345,30.05708 -1.940663,30.05701 -1.945733,30.05875 -1.945623,30.05973 -1.944641,30.05934 -1.942345
30.06726 -1.967534,30.06591 -1.96497,30.05995 -1.962128,30.05256 -1.969863,30.05623 -1.976736,30.05642 -1.976879,30.06726 -1.967534
30.02706 -1.91122,29.98429 -1.934269,30.04718 -1.939186,30.05054 -1.931279,30.02706 -1.91122
30.10687 -1.95066,30.10688 -1.950656,30.10044 -1.947698,30.09288 -1.950613,30.09164 -1.96155,30.09475 -1.962139,30.10183 -1.95959,30.10687 -1.95066
30.37101 -1.882486,30.26708 -1.822424,30.24565 -1.823254,30.27700 -2.010169,30.37692 -1.975626,30.37101 -1.882486
29.94628 -1.555874,29.90751 -1.58456,29.99757 -1.775101,30.02491 -1.77109,30.13941 -1.732454,29.94628 -1.555874
30.11172 -1.957601,30.10687 -1.95066,30.10183 -1.95959,30.10922 -1.967168,30.11172 -1.957601
30.19032 -1.785005,30.15740 -1.751157,30.06551 -1.89578,30.08673 -1.912141,30.10667 -1.907468,30.11767 -1.898768,30.19032 -1.785005
30.11601 -1.959142,30.11172 -1.957601,30.10922 -1.967168,30.11051 -1.969938,30.11609 -1.970038,30.11774 -1.968429,30.11601 -1.959142
30.06403 -1.930856,30.06352 -1.930555,30.05745 -1.932854,30.05629 -1.939232,30.05708 -1.940663,30.05934 -1.942345,30.06496 -1.943158,30.0672 -1.940787,30.06403 -1.930856
30.1028 -1.933086,30.10133 -1.927887,30.08646 -1.932888,30.08742 -1.939815,30.09792 -1.940324,30.1028 -1.933086
30.07722 -1.948968,30.07696 -1.945975,30.07565 -1.945025,30.07441 -1.944781,30.06599 -1.950612,30.06549 -1.952382,30.06923 -1.956409,30.07486 -1.954364,30.07722 -1.948968
30.5057 -1.96568,30.46827 -1.924572,30.38998 -1.992083,30.45246 -2.076129,30.45302 -2.07575,30.5057 -1.96568
30.12537 -1.937238,30.12257 -1.936402,30.11731 -1.940913,30.12419 -1.955192,30.12557 -1.955998,30.13284 -1.952341,30.12537 -1.937238
30.05105 -1.943734,30.04773 -1.941119,30.02918 -1.957208,30.05104 -1.950732,30.05153 -1.950108,30.05105 -1.943734
30.07441 -1.944781,30.0672 -1.940787,30.06496 -1.943158,30.06396 -1.945355,30.06599 -1.950612,30.07441 -1.944781
30.12557 -1.955998,30.12419 -1.955192,30.11898 -1.956359,30.11601 -1.959142,30.11774 -1.968429,30.12580 -1.965199,30.12557 -1.955998
30.05916 -1.946025,30.05875 -1.945623,30.05701 -1.945733,30.0541 -1.949455,30.05894 -1.950291,30.05916 -1.946025
30.32597 -1.580005,30.26276 -1.537389,30.23168 -1.545126,30.22034 -1.555221,30.14533 -1.726195,30.14278 -1.732505,30.15740 -1.751157,30.19032 -1.785005,30.24348 -1.822632,30.24565 -1.823254,30.26708 -1.822424,30.38057 -1.71963,30.32597 -1.580005
29.83924 -2.759665,29.75815 -2.727683,29.51627 -2.691551,29.32437 -2.819347,29.27742 -2.956804,30.30597 -2.956804,30.24545 -2.920723,29.83924 -2.759665
29.95605 -1.009762,29.94823 -1.09174,30.08650 -1.51698,30.22034 -1.555221,30.23168 -1.545126,29.95605 -1.009762
29.10003 -2.076768,28.97676 -1.972784,28.69864 -1.934554,28.91712 -2.245913,29.1628 -2.410189,29.16949 -2.364836,29.10003 -2.076768
29.28043 -1.684862,29.25568 -1.684251,29.26322 -1.697827,29.28043 -1.684862
29.64938 -1.50103,29.63998 -1.494727,29.62243 -1.567272,29.6363 -1.580885,29.64938 -1.50103
29.72182 -2.595463,29.70925 -2.588321,29.69281 -2.605943,29.71203 -2.62561,29.73265 -2.621129,29.74976 -2.616876,29.72182 -2.595463
30.60885 -2.072993,30.45302 -2.07575,30.45246 -2.076129,30.44967 -2.081734,30.61255 -2.191499,30.60885 -2.072993
30.10226 -1.978127,30.09156 -1.978573,30.08342 -1.988106,30.08316 -1.988781,30.11109 -2.071563,30.12119 -2.070527,30.12144 -2.02653,30.12062 -2.021233,30.10226 -1.978127
30.10667 -1.907468,30.08673 -1.912141,30.08211 -1.919539,30.08107 -1.927414,30.08646 -1.932888,30.10133 -1.927887,30.10667 -1.907468
30.06269 -1.917678,30.0534 -1.901689,30.03741 -1.901401,30.02706 -1.91122,30.05054 -1.931279,30.05745 -1.932854,30.06352 -1.930555,30.06269 -1.917678
30.15885 -1.974017,30.152 -1.9691,30.14689 -1.970545,30.12144 -2.02653,30.12119 -2.070527,30.18883 -2.084318,30.15885 -1.974017
30.18647 -1.963609,30.15885 -1.974017,30.18883 -2.084318,30.19419 -2.086156,30.18647 -1.963609
30.15740 -1.751157,30.14278 -1.732505,30.13941 -1.732454,30.02491 -1.77109,30.03741 -1.901401,30.0534 -1.901689,30.06551 -1.89578,30.15740 -1.751157
30.20494 -1.928982,30.18647 -1.963609,30.19419 -2.086156,30.22926 -2.103101,30.20494 -1.928982
30.07191 -1.969905,30.06726 -1.967534,30.05642 -1.976879,30.05944 -1.988887,30.06916 -1.985026,30.07191 -1.969905
30.54914 -2.340943,30.43608 -2.101591,30.296 -2.156754,30.33044 -2.767362,30.36906 -2.850039,30.52213 -2.485176,30.54914 -2.340943
30.03724 -1.532626,29.94780 -1.552545,29.94628 -1.555874,30.13941 -1.732454,30.14278 -1.732505,30.14533 -1.726195,30.03724 -1.532626
29.80203 -1.560562,29.75754 -1.535068,29.66444 -1.614889,29.64505 -1.686658,29.67728 -1.749985,29.7417 -1.762456,29.80203 -1.560562
29.92777 -1.201182,29.75505 -1.51543,29.75754 -1.535068,29.80203 -1.560562,29.88502 -1.592264,29.90751 -1.58456,29.94628 -1.555874,29.94780 -1.552545,29.92777 -1.201182
29.57559 -2.576459,29.5028 -2.425991,29.28733 -2.596414,29.32437 -2.819347,29.51627 -2.691551,29.56087 -2.626092,29.57559 -2.576459
30.22189 -1.864737,30.24348 -1.822632,30.19032 -1.785005,30.11767 -1.898768,30.12257 -1.936402,30.12537 -1.937238,30.15878 -1.934054,30.22189 -1.864737
30.09044 -1.962041,30.08675 -1.960334,30.07880 -1.960729,30.07299 -1.969745,30.07789 -1.971773,30.08738 -1.969832,30.09044 -1.962041
30.09288 -1.950613,30.09010 -1.948249,30.08586 -1.951295,30.08636 -1.959438,30.08675 -1.960334,30.09044 -1.962041,30.09164 -1.96155,30.09288 -1.950613
29.8659 -1.840381,29.81532 -1.785298,29.7417 -1.762456,29.67728 -1.749985,29.53874 -1.942665,29.62993 -2.002869,29.797 -1.968527,29.86602 -1.865396,29.8659 -1.840381
30.08586 -1.951295,30.08039 -1.950959,30.08636 -1.959438,30.08586 -1.951295
29.88502 -1.592264,29.80203 -1.560562,29.7417 -1.762456,29.81532 -1.785298,29.88502 -1.592264
30.04773 -1.941119,30.04718 -1.939186,29.98429 -1.934269,29.95968 -1.946218,29.97063 -1.968149,30.01942 -1.961264,30.02918 -1.957208,30.04773 -1.941119
30.15539 -1.941543,30.13317 -1.952386,30.14058 -1.969104,30.14689 -1.970545,30.152 -1.9691,30.15539 -1.941543
30.08211 -1.919539,30.06269 -1.917678,30.06352 -1.930555,30.06403 -1.930856,30.07609 -1.930082,30.08107 -1.927414,30.08211 -1.919539
30.05642 -1.976879,30.05623 -1.976736,29.992 -1.979987,30.04796 -2.008939,30.05944 -1.988887,30.05642 -1.976879
30.13439 -1.969816,30.12580 -1.965199,30.11774 -1.968429,30.11609 -1.970038,30.12309 -1.985401,30.13439 -1.969816
30.10183 -1.95959,30.09475 -1.962139,30.10296 -1.976485,30.11051 -1.969938,30.10922 -1.967168,30.10183 -1.95959
30.10348 -2.268765,29.93309 -2.16405,29.92725 -2.166442,29.88805 -2.336489,29.89052 -2.34716,30.23639 -2.64403,30.10348 -2.268765
30.19419 -2.086156,30.18883 -2.084318,30.12119 -2.070527,30.11109 -2.071563,30.09388 -2.075862,30.03968 -2.111667,30.13671 -2.207136,30.23925 -2.11414,30.23471 -2.106351,30.22926 -2.103101,30.19419 -2.086156
30.92439 -1.381589,30.95370 -1.361565,30.38858 -1.33518,30.3143 -1.388301,30.30791 -1.476586,30.92439 -1.381589
30.97732 -2.167672,30.52213 -2.485176,30.36906 -2.850039,30.38157 -2.956804,30.97732 -2.956804,30.97732 -2.167672
30.68471 -1.590391,30.32597 -1.580005,30.38057 -1.71963,30.50877 -1.719907,30.6171 -1.681309,30.68471 -1.590391
29.7559 -2.0835,29.63637 -2.027872,29.65466 -2.114612,29.75118 -2.120559,29.7559 -2.0835
29.63637 -2.027872,29.62993 -2.002869,29.53874 -1.942665,29.49906 -1.94457,29.45867 -2.078469,29.47907 -2.269956,29.53124 -2.294094,29.65006 -2.151643,29.65466 -2.114612,29.63637 -2.027872
29.25568 -1.684251,29.24259 -1.681022,29.23946 -1.687151,29.26258 -1.699012,29.26322 -1.697827,29.25568 -1.684251
28.76278 -2.135213,28.82869 -2.334922,28.95255 -2.556108,28.95328 -2.556886,28.95386 -2.555344,28.76278 -2.135213
29.73265 -2.621129,29.71203 -2.62561,29.75815 -2.727683,29.83924 -2.759665,29.73265 -2.621129
29.72182 -2.595463,29.74976 -2.616876,29.80918 -2.620422,29.72182 -2.595463
29.35316 -2.291371,29.27544 -2.225893,29.16949 -2.364836,29.1628 -2.410189,29.21287 -2.502272,29.25778 -2.530283,29.35316 -2.291371
29.28733 -2.596414,29.25778 -2.530283,29.21287 -2.502272,29.14004 -2.499308,29.13398 -2.501496,28.95200 -2.603302,28.83623 -2.956804,29.27742 -2.956804,29.32437 -2.819347,29.28733 -2.596414
29.21337 -2.153644,29.10003 -2.076768,29.16949 -2.364836,29.27544 -2.225893,29.21337 -2.153644
29.53997 -2.307235,29.53124 -2.294094,29.47907 -2.269956,29.35316 -2.291371,29.25778 -2.530283,29.28733 -2.596414,29.5028 -2.425991,29.53997 -2.307235
30.06496 -1.943158,30.05934 -1.942345,30.05973 -1.944641,30.06313 -1.94571,30.06396 -1.945355,30.06496 -1.943158
30.08738 -1.969832,30.07789 -1.971773,30.08342 -1.988106,30.09156 -1.978573,30.08738 -1.969832
30.09792 -1.940324,30.08742 -1.939815,30.08668 -1.94137,30.09010 -1.948249,30.09288 -1.950613,30.10044 -1.947698,30.09792 -1.940324
30.05995 -1.962128,30.05805 -1.959761,30.05647 -1.959193,30.0442 -1.964929,30.05256 -1.969863,30.05995 -1.962128
