-1.603794 29.317017
-1.559866 29.336243
-1.513191 29.360962
-1.5077 29.451599
-1.455532 29.492798
-1.436312 29.520264
-1.4116 29.536743
-1.406109 29.558716
-1.386888 29.594421
-1.381397 29.685059
-1.359431 29.704285
-1.345701 29.723511
-1.348447 29.772949
-1.362176 29.786682
-1.362176 29.797668
-1.342956 29.803162
-1.320989 29.827881
-1.326481 29.8526
-1.345701 29.858093
-1.37316 29.885559
-1.408855 29.882813
-1.458278 29.904785
-1.474752 29.929504
-1.463769 29.95697
-1.466515 29.978943
-1.425329 30.022888
-1.433566 30.053101
-1.397872 30.064087
-1.39238 30.080566
-1.370414 30.094299
-1.370414 30.132751
-1.315497 30.168457
-1.277055 30.184937
-1.266071 30.226135
-1.227628 30.256348
-1.224882 30.253601
-1.213898 30.281067
-1.147994 30.308533
-1.131518 30.344238
-1.098565 30.341492
-1.093073 30.349731
-1.068358 30.352478
-1.068358 30.40741
-1.062866 30.448608
-1.101312 30.454102
-1.128772 30.476074
-1.164471 30.467834
-1.161725 30.50354
-1.222136 30.52002
-1.274309 30.552979
-1.30726 30.550232
-1.331972 30.561218
-1.348447 30.588684
-1.348447 30.605164
-1.37316 30.632629
-1.39238 30.635376
-1.389634 30.682068
-1.436312 30.737
-1.524173 30.747986
-1.672431 30.838623
-1.699885 30.811157
-1.79597 30.83313
-1.933227 30.808411
-2.078706 30.890808
-2.114388 30.874329
-2.13909 30.874329
-2.158303 30.860596
-2.21045 30.844116
-2.301017 30.849609
-2.32846 30.844116
-2.355903 30.827637
-2.369624 30.794678
-2.38609 30.778198
-2.34767 30.715027
-2.350415 30.693054
-2.353159 30.684814
-2.383346 30.665588
-2.399811 30.651855
-2.391578 30.588684
-2.402555 30.563965
-2.38609 30.51178
-2.364136 30.489807
-2.358648 30.467834
-2.32846 30.443115
-2.306506 30.437622
-2.317483 30.421143
-2.301017 30.396423
-2.306506 30.377197
-2.339438 30.355225
-2.355903 30.308533
-2.355903 30.261841
-2.342182 30.231628
-2.344926 30.217896
-2.36688 30.223389
-2.380601 30.193176
-2.43274 30.154724
-2.413532 30.099792
-2.34767 30.028381
-2.336693 30.009155
-2.34767 29.989929
-2.30925 29.951477
-2.355903 29.940491
-2.372369 29.934998
-2.476645 29.95697
-2.495853 29.943237
-2.501341 29.929504
-2.523293 29.918518
-2.567195 29.915771
-2.652251 29.921265
-2.698892 29.899292
-2.759248 29.8526
-2.772965 29.811401
-2.761991 29.781189
-2.764735 29.759216
-2.803141 29.742737
-2.805885 29.676819
-2.783938 29.638367
-2.808628 29.594421
-2.800398 29.569702
-2.827831 29.520264
-2.808628 29.498291
-2.805885 29.465332
-2.794911 29.440613
-2.805885 29.404907
-2.822344 29.391174
-2.827831 29.374695
-2.808628 29.347229
-2.783938 29.347229
-2.756504 29.336243
-2.72084 29.349976
-2.685174 29.328003
-2.657738 29.33075
-2.613839 29.163208
-2.591889 29.138489
-2.60012 29.124756
-2.594633 29.083557
-2.60012 29.061584
-2.616583 29.053345
-2.652251 29.047852
-2.663225 29.045105
-2.701635 29.053345
-2.740044 29.023132
-2.690661 28.979187
-2.693404 28.937988
-2.652251 28.891296
-2.558963 28.885803
-2.531525 28.855591
-2.506829 28.855591
-2.490365 28.883057
-2.443717 28.861084
-2.410787 28.861084
-2.36688 28.89679
-2.369624 28.932495
-2.36688 28.957214
-2.342182 28.962708
-2.331205 28.987427
-2.287295 28.995667
-2.281806 29.078064
-2.262595 29.10553
-2.161047 29.157715
-2.078706 29.171448
-2.040279 29.157715
-1.930482 29.124756
-1.8646 29.127502
-1.809697 29.152222
-1.633995 29.264832
